Size of vertices: 16
Vertices: 
6.9375,  0.46875,  0
4.78125,  0.46875,  0
4.78125,  16.5,  0
6.9375,  16.5,  0
6.9375,  0.46875,  -3
4.78125,  16.5,  -3
4.78125,  0.46875,  -3
6.9375,  16.5,  -3
6.9375,  0.46875,  0
6.9375,  0.46875,  -3
4.78125,  0.46875,  0
4.78125,  0.46875,  -3
4.78125,  16.5,  0
4.78125,  16.5,  -3
6.9375,  16.5,  0
6.9375,  16.5,  -3

Indices:
Size of indices: 36

0, 2, 1, 
0, 3, 2, 
4, 6, 5, 
4, 5, 7, 
9, 8, 11, 
8, 10, 11, 
11, 10, 13, 
10, 12, 13, 
13, 12, 15, 
12, 14, 15, 
15, 14, 9, 
14, 8, 9, 

Normals:
Size of normals: 36
0, 0, 1
0, 0, 1
0, 0, 1
0, 0, 1
0, 0, 1
0, 0, 1
0, 0, -1
0, 0, -1
0, 0, -1
0, 0, -1
0, 0, -1
0, 0, -1
0, -1, 0
0, -1, 0
0, -1, 0
0, -1, 0
0, -1, 0
0, -1, 0
-1, 0, 0
-1, 0, 0
-1, 0, 0
-1, 0, 0
-1, 0, 0
-1, 0, 0
0, 1, 0
0, 1, 0
0, 1, 0
0, 1, 0
0, 1, 0
0, 1, 0
1, 0, -0
1, 0, -0
1, 0, -0
1, 0, -0
1, 0, -0
1, 0, -0

